./output/hannim/hannim.png 66 38 172 175
./output/hannim/2019-03-21-172235_2.png 822 175 1079 510
./output/hannim/2019-03-21-172150.png 733 95 1037 465
./output/hannim/2019-03-21-172158_4.png 738 113 1030 451
./output/hannim/5.png 66 40 161 165
./output/hannim/2019-03-21-172158_2.png 700 128 975 486
./output/hannim/2019-03-21-172216_4.png 789 174 1032 445
./output/hannim/2019-03-21-172235_3.png 789 179 1048 496
./output/hannim/2019-03-21-172235_1.png 752 180 1003 489
./output/hannim/2019-03-21-172250_3.png 783 184 1040 496
./output/hannim/2019-03-21-172216_2.png 788 154 1056 495
./output/hannim/6.png 57 42 156 170
./output/hannim/2019-03-21-172250_1.png 768 194 1020 503
./output/hannim/2019-03-21-172216_1.png 752 144 1035 480
./output/hannim/2019-03-21-172158_3.png 775 115 1063 476
./output/hannim/2019-03-21-172216_3.png 798 178 1058 502
./output/hannim/2019-03-21-172235_4.png 774 164 1041 490
./output/hannim/2019-03-21-172250_2.png 766 189 1028 510
./output/hannim/2019-03-21-172250_4.png 829 80 1126 460
./output/hannim/2019-03-21-172158_1.png 741 119 1038 496
./output/hs/증명사진.png 137 146 328 371
./output/jehwan/2019-03-21-172424_3.png 245 452 674 932
./output/jehwan/2019-03-21-172424_4.png 197 365 635 854
./output/jehwan/2019-03-21-172409_3.png 394 240 809 736
./output/jehwan/2019-03-21-172441_1.png 399 365 805 833
./output/jehwan/2019-03-21-172409_2.png 599 262 1020 759
./output/jehwan/2019-03-21-172441_3.png 646 409 1020 859
./output/jehwan/2019-03-21-172441_4.png 560 430 923 880
./output/jehwan/2019-03-21-172424_1.png 305 233 767 762
./output/jehwan/2019-03-21-172409_1.png 674 323 1095 814
./output/jehwan/2019-03-21-172424_2.png 217 480 611 908
./output/jehwan/2019-03-21-172409_4.png 267 222 729 769
./output/jihoon/2019-03-21-172350_2.png 831 360 1137 760
./output/jihoon/2019-03-21-172321_3.png 759 379 1006 664
./output/jihoon/2019-03-21-172321_2.png 808 359 1066 665
./output/jihoon/2019-03-21-172350_3.png 818 317 1087 630
./output/jihoon/2019-03-21-172335_1.png 786 350 1080 713
./output/jihoon/2019-03-21-172335_3.png 766 324 1082 747
./output/jihoon/2019-03-21-172350_4.png 882 368 1178 756
./output/jihoon/2019-03-21-172321_1.png 663 313 931 647
./output/jihoon/2019-03-21-172321_4.png 843 390 1127 762
./output/jihoon/2019-03-21-172350_1.png 684 459 1008 825
./output/jihoon/jihoon.png 94 74 248 284
./output/jihoon/8.png 59 47 144 156
./output/jihoon/2019-03-21-172335_4.png 769 533 1055 848
./output/jihoon/2019-03-21-172335_2.png 780 349 1074 724
./output/kwansu/7.png 60 44 155 167
./output/kwansu/kwansu.png 53 56 122 140
./output/seoho/seoho.jpg.png 330 275 666 739
