./output/제환/22186.png 241 80 386 248
./output/제환/43224.png 242 82 381 245
./output/제환/96451.png 245 76 393 248
./output/제환/59572.png 242 83 381 246
./output/제환/38959.png 244 80 389 248
./output/제환/3635.png 245 84 384 244
./output/제환/81622.png 249 87 384 247
./output/제환/37702.png 241 85 381 246
./output/제환/86075.png 243 82 385 246
./output/제환/48566.png 243 81 381 242
./output/제환/8658.png 244 77 391 248
./output/제환/51031.png 241 82 384 248
./output/제환/70890.png 240 76 379 250
./output/제환/83081.png 249 87 384 248
./output/제환/25935.png 242 82 380 245
./output/제환/75311.png 236 76 386 249
./output/제환/9333.png 235 74 386 251
./output/제환/61271.png 243 80 389 249
./output/제환/56800.png 245 84 383 246
./output/제환/93583.png 245 80 390 246
./output/제환/84676.png 238 75 389 251
./output/제환/42549.png 244 80 379 238
./output/제환/62555.png 247 85 384 242
./output/제환/60098.png 238 75 386 250
./output/제환/95763.png 241 76 390 248
./output/제환/94779.png 244 79 390 248
./output/제환/95152.png 240 78 385 249
./output/제환/97343.png 236 72 386 251
./output/제환/27766.png 245 79 392 246
./output/제환/94002.png 243 82 381 245
