./output/이제환/93694.png 142 122 283 285
./output/이제환/31166.png 164 109 304 278
./output/이제환/15117.png 151 109 291 280
./output/이제환/80934.png 146 110 291 283
./output/이제환/57400.png 146 115 283 282
./output/이제환/97718.png 138 121 281 285
./output/이제환/81842.png 162 108 302 276
./output/이제환/55891.png 144 115 289 284
./output/이제환/4767.png 134 116 281 286
./output/이제환/76147.png 139 120 280 283
./output/이제환/87565.png 155 105 300 283
./output/이제환/15877.png 151 110 292 278
./output/이제환/30940.png 138 120 280 284
./output/이제환/49163.png 144 117 281 281
./output/이제환/2996.png 153 111 296 278
./output/이제환/29442.png 153 109 294 278
./output/이제환/92599.png 144 114 283 280
./output/이제환/47547.png 138 118 279 281
./output/이제환/6835.png 152 114 289 280
./output/이제환/32432.png 146 112 285 278
./output/이제환/82100.png 139 121 281 286
./output/이제환/69841.png 139 118 279 280
./output/이제환/58426.png 162 113 300 278
./output/이제환/99560.png 134 116 281 286
./output/이제환/82955.png 154 109 296 277
./output/이제환/94544.png 162 109 301 277
./output/이제환/53971.png 146 116 286 282
./output/이제환/63898.png 139 116 281 280
./output/이제환/56505.png 145 116 286 284
./output/이제환/84529.png 138 121 280 285
