./output/이한님/1538.png 261 133 378 277
./output/이한님/80136.png 260 128 376 279
./output/이한님/51087.png 260 134 373 281
./output/이한님/30160.png 258 136 373 281
./output/이한님/40418.png 258 137 372 280
./output/이한님/16682.png 259 135 372 282
./output/이한님/60071.png 259 135 373 281
./output/이한님/26174.png 257 139 373 282
./output/이한님/61042.png 257 138 373 282
./output/이한님/59980.png 262 128 377 277
./output/이한님/90713.png 260 134 373 281
./output/이한님/15201.png 260 134 373 281
./output/이한님/31234.png 261 135 374 280
./output/이한님/53137.png 261 134 375 280
./output/이한님/96398.png 261 129 378 278
./output/이한님/69678.png 261 129 377 279
./output/이한님/1039.png 258 138 372 280
./output/이한님/90557.png 261 135 374 280
./output/이한님/74301.png 258 136 373 278
./output/이한님/3861.png 258 136 373 281
./output/이한님/42823.png 256 129 375 284
./output/이한님/14645.png 259 131 375 281
./output/이한님/7121.png 259 128 380 279
./output/이한님/86299.png 261 136 373 282
./output/이한님/46956.png 259 136 374 281
./output/이한님/2256.png 260 135 374 281
./output/이한님/69596.png 255 128 375 284
./output/이한님/22628.png 256 140 372 283
./output/이한님/10130.png 260 134 373 281
./output/이한님/8402.png 260 128 376 279
